117 22 1 
0.658611 0.221317 0.749778 0.009530 0.011858 0.017823 0.012326 0.017659 0.021910 0.018077 0.025231 0.025780 0.018225 0.025292 0.002228 0.946558 0.204587 0.671119 0.033864 0.368982 0.455444 0.027072 
0.000000 
0.583838 0.233028 0.578638 0.492694 0.328063 0.447013 0.501072 0.446781 0.562717 0.523418 0.581471 0.544098 0.467494 0.581461 0.254767 0.156750 0.691351 0.755974 0.829452 0.740813 0.823704 0.774825 
1.000000 
0.105855 0.021703 0.159067 0.133736 0.209486 0.107418 0.121651 0.107401 0.363155 0.292523 0.429122 0.344912 0.224519 0.429195 0.094407 0.350280 0.889549 0.676406 0.481592 0.707108 0.423446 0.411204 
1.000000 
0.515363 0.211101 0.056813 0.183926 0.130435 0.168593 0.175777 0.168566 0.350648 0.287592 0.428351 0.332700 0.213722 0.428361 0.172041 0.221572 0.699807 0.618726 0.483836 0.758182 0.745602 0.409214 
1.000000 
0.915033 0.326495 0.957845 0.021283 0.011858 0.028420 0.030011 0.028255 0.059704 0.046015 0.086864 0.055224 0.032927 0.086982 0.013082 0.656791 0.492133 0.228564 0.146251 0.273217 0.431002 0.109349 
0.000000 
0.145932 0.063686 0.243762 0.089898 0.130435 0.072736 0.102358 0.072885 0.358317 0.284306 0.371726 0.326052 0.279577 0.371678 0.070440 0.429651 0.913083 0.533302 0.648363 0.661370 0.454749 0.445111 
1.000000 
0.668625 0.223279 0.752381 0.003177 0.007905 0.012524 0.007503 0.012683 0.000365 0.000000 0.002504 0.005427 0.000536 0.002504 0.000000 1.000000 0.194824 0.667781 0.000000 0.353981 0.000000 0.000000 
0.000000 
0.371376 0.121098 0.064021 0.067980 0.090909 0.059249 0.071811 0.059400 0.453807 0.453574 0.555855 0.437449 0.281721 0.555912 0.036477 0.509144 0.445391 0.492052 0.327689 0.376494 0.292203 0.240810 
1.000000 
0.197093 0.054025 0.289526 0.113088 0.130435 0.048651 0.059486 0.048643 0.060161 0.047658 0.077042 0.027951 0.054675 0.077160 0.024636 0.598269 0.753713 0.634953 0.275827 0.585563 0.292115 0.185010 
0.000000 
0.340638 0.217512 0.093619 0.104193 0.090909 0.087669 0.098071 0.087494 0.088096 0.092851 0.082435 0.077883 0.084769 0.082552 0.040201 0.677802 0.238468 0.607037 0.306149 0.427330 0.396341 0.245346 
1.000000 
0.498242 0.184921 0.119198 0.097840 0.090909 0.073699 0.088960 0.073688 0.295600 0.229252 0.333590 0.257802 0.233785 0.333676 0.056498 0.486914 0.654938 0.448643 0.491092 0.459244 0.500128 0.432902 
1.000000 
0.230521 0.074726 0.268846 0.138818 0.169960 0.121869 0.121115 0.121689 0.208234 0.208710 0.174307 0.146540 0.182709 0.174284 0.082694 0.455580 0.929521 0.404703 0.445950 0.513085 0.302387 0.356440 
1.000000 
0.184308 0.112592 0.054815 0.195680 0.249012 0.145472 0.247588 0.145288 0.312215 0.280197 0.332627 0.347354 0.172448 0.332584 0.068307 0.511745 0.369155 0.960148 0.569875 0.585765 0.390661 0.497310 
1.000000 
0.640675 0.230785 0.734786 0.013977 0.011858 0.021676 0.023044 0.021673 0.028209 0.021364 0.035632 0.034600 0.017766 0.035627 0.001719 0.907665 0.488533 0.655048 0.162188 0.380234 0.039588 0.107245 
0.000000 
0.321356 0.122621 0.001917 0.296379 0.288538 0.278902 0.200965 0.278857 0.404418 0.322925 0.519453 0.251289 0.204686 0.519386 0.153325 0.483500 0.598876 0.626128 0.378820 0.327631 0.309275 0.292114 
1.000000 
0.645594 0.219168 0.728954 0.023189 0.011858 0.031792 0.024652 0.031787 0.005569 0.003287 0.009438 0.009634 0.003293 0.009565 0.003247 0.914370 0.410352 0.668402 0.051058 0.376042 0.302428 0.049628 
0.000000 
0.511358 0.170364 0.564717 0.063850 0.051383 0.065992 0.067524 0.066142 0.081888 0.068200 0.093028 0.080054 0.059116 0.093080 0.008753 0.670975 0.198014 0.834020 0.354111 0.427935 0.495243 0.266511 
1.000000 
0.370584 0.112667 0.387929 0.001906 0.011858 0.003372 0.002144 0.003371 0.006390 0.006574 0.000000 0.000814 0.020982 0.000000 0.005507 0.873242 0.127861 0.405504 0.221631 0.347603 0.388629 0.146203 
1.000000 
0.128566 0.059038 0.218165 0.195680 0.249012 0.136802 0.226152 0.136780 0.252054 0.204601 0.303737 0.235007 0.159507 0.303826 0.028774 0.527554 0.665477 0.984367 0.637599 0.522319 0.222279 0.601668 
1.000000 
0.608277 0.249618 0.594822 0.933609 0.604743 0.834297 1.000000 0.834323 1.000000 1.000000 1.000000 1.000000 1.000000 1.000000 0.689054 0.000000 0.861671 0.773041 1.000000 1.000000 0.736669 1.000000 
1.000000 
0.150810 0.045415 0.066473 0.131194 0.169960 0.111272 0.120043 0.111093 0.278894 0.263763 0.216487 0.193216 0.259974 0.216459 0.063914 0.487523 0.925307 0.479228 0.502445 0.569438 0.323789 0.415073 
1.000000 
0.891129 0.299436 0.961501 0.035896 0.011858 0.042871 0.043408 0.042703 0.073580 0.056697 0.106125 0.063501 0.040738 0.106111 0.019416 0.597578 0.469298 0.238978 0.211797 0.342156 0.370757 0.150903 
0.000000 
0.152702 0.034747 0.121887 0.050508 0.090909 0.037572 0.049303 0.037727 0.021088 0.017256 0.019646 0.020488 0.028792 0.019771 0.020307 0.663822 0.697028 0.338040 0.226862 0.322859 0.218297 0.159970 
0.000000 
0.348945 0.128283 0.442289 0.092440 0.090909 0.087669 0.087889 0.087655 0.295417 0.244864 0.371341 0.264722 0.178574 0.371421 0.058853 0.420182 0.461696 0.638319 0.363938 0.183617 0.409743 0.293997 
1.000000 
0.039139 0.036658 0.148249 0.115629 0.209486 0.096339 0.128617 0.096163 0.171992 0.139688 0.189908 0.156716 0.132093 0.190012 0.030461 0.545436 0.677741 0.893130 0.533923 0.719740 0.449094 0.469780 
1.000000 
0.187568 0.059232 0.278139 0.254130 0.288538 0.190270 0.352626 0.190079 0.342067 0.304848 0.360747 0.401085 0.193277 0.360829 0.036827 0.525766 0.370978 0.999128 0.672961 0.659218 0.339999 0.648753 
1.000000 
0.534808 0.202301 0.633182 0.036849 0.051383 0.040944 0.039657 0.040938 0.044733 0.037798 0.052196 0.042741 0.036067 0.052189 0.005284 0.743599 0.343725 0.764631 0.273538 0.463780 0.376406 0.201707 
1.000000 
0.295974 0.157167 0.063790 0.070521 0.090909 0.046724 0.062165 0.046878 0.062808 0.056697 0.052581 0.049118 0.082548 0.052638 0.031066 0.668455 0.405048 0.364736 0.416703 0.559893 0.487633 0.321750 
1.000000 
0.093537 0.212003 0.071920 0.147713 0.209486 0.119461 0.151661 0.119441 0.256801 0.243221 0.245955 0.227273 0.234398 0.246052 0.089824 0.553727 0.621063 0.652040 0.432681 0.519066 0.633081 0.362396 
1.000000 
0.313404 0.235382 0.101805 0.063850 0.090909 0.042871 0.059486 0.042864 0.050119 0.033689 0.061055 0.043148 0.049008 0.061112 0.024636 0.680078 0.721810 0.334506 0.474578 0.459033 0.348000 0.393618 
1.000000 
0.201610 0.056960 0.283257 0.082592 0.090909 0.026975 0.033762 0.027131 0.066368 0.056697 0.091487 0.031479 0.052148 0.091475 0.012636 0.671787 0.658261 0.716282 0.268107 0.582355 0.280769 0.174665 
0.000000 
0.512004 0.255644 0.346207 0.111817 0.090909 0.105491 0.117899 0.105635 0.507303 0.406738 0.619414 0.486974 0.303545 0.619335 0.151478 0.222751 0.808025 0.663550 0.442946 0.660204 0.762172 0.365408 
1.000000 
0.370386 0.124907 0.470655 0.079733 0.090909 0.075145 0.072347 0.075132 0.639492 0.564503 0.763867 0.595929 0.380657 0.763769 0.050705 0.456108 0.570410 0.558066 0.280871 0.452214 0.409984 0.185534 
1.000000 
0.677241 0.243231 0.714734 0.213787 0.130435 0.209056 0.210611 0.209022 0.129998 0.102712 0.158320 0.123881 0.080251 0.158364 0.039819 0.522799 0.565370 0.588842 0.558430 0.463240 0.424163 0.463115 
1.000000 
0.523304 0.204752 0.435081 0.048602 0.051383 0.045761 0.054662 0.045593 0.256071 0.198850 0.311633 0.250339 0.158128 0.311657 0.098227 0.304113 0.798318 0.549457 0.288932 0.741704 0.547623 0.207268 
1.000000 
0.817939 0.270419 0.910555 0.040661 0.011858 0.051541 0.033762 0.051694 0.062991 0.049302 0.082242 0.068521 0.035225 0.082360 0.009103 0.712143 0.000000 0.434308 0.130061 0.027948 0.478203 0.101475 
0.000000 
0.161941 0.060394 0.255271 0.067662 0.090909 0.054432 0.075027 0.054262 0.189155 0.149548 0.203968 0.168521 0.157056 0.204070 0.056084 0.421036 0.859210 0.485116 0.379433 0.510550 0.454813 0.290882 
1.000000 
0.166185 0.060733 0.245702 0.196950 0.249012 0.128131 0.214898 0.128271 0.154373 0.147905 0.180855 0.143148 0.108584 0.180960 0.022949 0.575551 0.661436 0.952766 0.630674 0.577100 0.179604 0.583351 
1.000000 
0.468324 0.265442 0.058304 0.174714 0.130435 0.104046 0.158092 0.104190 0.216633 0.216105 0.189908 0.179512 0.207596 0.189883 0.090843 0.485044 0.873881 0.124041 0.910135 0.963606 0.704746 0.799972 
1.000000 
0.642893 0.601807 0.054279 0.181703 0.130435 0.145472 0.159700 0.145288 0.122512 0.128184 0.156009 0.101900 0.066544 0.155989 0.227838 0.429936 0.454176 0.277579 0.220650 0.452885 0.318222 0.163137 
0.000000 
0.020789 0.028019 0.119843 0.118170 0.209486 0.102601 0.130761 0.102745 0.164141 0.134758 0.186633 0.145319 0.114480 0.186674 0.034249 0.527229 0.762563 0.869453 0.543261 0.804315 0.542376 0.479243 
1.000000 
0.157459 0.042794 0.248471 0.052097 0.090909 0.044316 0.057342 0.044309 0.050119 0.042728 0.068760 0.049254 0.031702 0.068815 0.010695 0.713810 0.348641 0.744895 0.361277 0.431463 0.245375 0.288981 
0.000000 
0.395326 0.189763 0.082582 0.167090 0.130435 0.161368 0.162379 0.161342 0.126803 0.114215 0.160632 0.115332 0.076652 0.160675 0.062227 0.437089 0.844865 0.614085 0.365361 0.308598 0.225293 0.284675 
1.000000 
0.119193 0.066365 0.215310 0.188374 0.249012 0.135356 0.211147 0.135174 0.161128 0.139688 0.197997 0.140977 0.103224 0.198100 0.030907 0.511542 0.652010 0.975076 0.599429 0.448617 0.250732 0.563681 
1.000000 
0.633066 0.213828 0.728747 0.038437 0.011858 0.047206 0.040729 0.047199 0.013146 0.009860 0.020801 0.014925 0.006356 0.020863 0.008721 0.745103 0.386529 0.665661 0.111497 0.385569 0.142615 0.084979 
0.000000 
0.060959 0.000327 0.128548 0.083863 0.130435 0.086224 0.088960 0.086370 0.115848 0.096138 0.158320 0.104885 0.063787 0.158364 0.026005 0.560961 0.746823 0.789360 0.350684 0.161920 0.280405 0.274914 
1.000000 
0.463388 0.185913 0.078253 0.087039 0.090909 0.073218 0.083065 0.073367 0.310115 0.239934 0.341487 0.267300 0.270082 0.341571 0.038673 0.570064 0.845791 0.420516 0.657035 0.576540 0.664403 0.499466 
1.000000 
0.072404 0.027664 0.115542 0.276366 0.367589 0.266859 0.259378 0.266656 0.197827 0.226787 0.253852 0.164586 0.108737 0.253948 0.068593 0.437251 0.788222 0.859880 0.551641 0.584002 0.433804 0.483421 
1.000000 
0.569534 0.195105 0.645434 0.041296 0.051383 0.046724 0.044480 0.046878 0.049388 0.041085 0.061441 0.050339 0.039360 0.061433 0.005284 0.747013 0.163120 0.762297 0.238224 0.438570 0.422972 0.178148 
1.000000 
0.316676 0.123015 0.000000 0.210610 0.209486 0.193160 0.175241 0.193129 0.231057 0.230074 0.272149 0.181275 0.170763 0.272243 0.080657 0.480493 0.543130 0.621917 0.405738 0.343425 0.380200 0.282272 
1.000000 
0.686922 0.253549 0.152820 0.103875 0.051383 0.112717 0.082529 0.112538 0.105076 0.101890 0.125578 0.096879 0.067769 0.125562 0.031289 0.545517 0.174851 0.561098 0.223338 0.394911 0.673895 0.147001 
1.000000 
0.697145 0.309556 0.151565 0.187103 0.130435 0.173410 0.180064 0.173543 0.526840 0.399343 0.685863 0.465807 0.286775 0.685775 0.132826 0.292896 0.816121 0.365183 0.461882 0.636269 0.552455 0.387683 
1.000000 
0.238706 0.077002 0.305871 0.102287 0.130435 0.046724 0.048767 0.046717 0.140953 0.117502 0.181240 0.088060 0.094035 0.181281 0.013337 0.690401 0.382222 0.842338 0.203974 0.593383 0.356085 0.213227 
0.000000 
0.818736 0.280466 0.274765 0.022236 0.011858 0.032755 0.025723 0.032750 0.072211 0.056697 0.093798 0.080054 0.039436 0.093914 0.011300 0.654556 0.114002 0.428392 0.117655 0.000000 0.309319 0.097358 
0.000000 
0.357945 0.125074 0.456608 0.053367 0.051383 0.051060 0.056806 0.050891 0.108727 0.092851 0.134823 0.104613 0.072517 0.134805 0.016870 0.592010 0.170346 0.728660 0.305158 0.232145 0.349546 0.231612 
1.000000 
0.041054 0.000000 0.142711 0.139771 0.209486 0.126686 0.128617 0.126826 0.205222 0.146261 0.259630 0.178562 0.132935 0.259597 0.031734 0.545964 0.906209 0.818028 0.515241 0.547523 0.264458 0.446279 
1.000000 
0.130440 0.023377 0.199564 0.059720 0.090909 0.049133 0.057878 0.049125 0.048384 0.039441 0.057589 0.051560 0.043342 0.057581 0.011618 0.735959 0.262541 0.804268 0.339800 0.418940 0.207181 0.268445 
0.000000 
0.498131 0.222920 0.052972 0.088945 0.090909 0.081407 0.086817 0.081233 0.527022 0.464256 0.641949 0.499864 0.312658 0.641867 0.132062 0.255954 0.799851 0.675900 0.394455 0.660753 0.704583 0.309661 
1.000000 
0.396293 0.178109 0.445300 0.190597 0.169960 0.146435 0.164523 0.146412 0.277615 0.216105 0.243837 0.244776 0.274983 0.243934 0.105039 0.354060 0.916942 0.445400 0.616624 0.751661 0.637666 0.574888 
1.000000 
0.786112 0.279335 0.191072 0.030496 0.011858 0.041426 0.031618 0.041259 0.086909 0.065735 0.107473 0.098507 0.047553 0.107523 0.007512 0.719215 0.446611 0.446133 0.121350 0.180312 0.399611 0.111874 
0.000000 
0.279586 0.151974 0.001577 0.255083 0.249012 0.224470 0.206860 0.224274 0.367354 0.327034 0.441834 0.257259 0.231028 0.441841 0.104911 0.411648 0.669019 0.633252 0.498467 0.492050 0.542287 0.410999 
1.000000 
0.073510 0.016073 0.173593 0.139136 0.209486 0.136320 0.137192 0.136298 0.134471 0.107642 0.176425 0.115468 0.079026 0.176531 0.037305 0.491547 0.695411 0.851031 0.532041 0.316677 0.447099 0.455912 
1.000000 
0.165004 0.072927 0.264200 0.263342 0.328063 0.209056 0.324759 0.208862 0.414278 0.354971 0.475539 0.466079 0.233785 0.475478 0.040997 0.495936 0.416255 0.975885 0.695627 0.738089 0.436977 0.671949 
1.000000 
0.138655 0.060267 0.184526 0.111499 0.169960 0.107418 0.102894 0.107401 0.073215 0.057518 0.098613 0.062822 0.049315 0.098729 0.043607 0.519304 0.701093 0.393632 0.424495 0.402103 0.199560 0.347633 
1.000000 
0.296271 0.988848 0.003921 0.903113 0.841897 0.860308 0.823151 0.860331 0.772777 0.694330 0.981510 0.601764 0.406157 0.981512 0.823280 0.083232 0.792830 0.267468 0.848949 0.595128 0.563925 0.828939 
1.000000 
0.639120 0.267316 0.627552 0.808767 0.525692 0.722543 0.861200 0.722588 0.705678 0.766639 0.737481 0.676526 0.581898 0.737386 0.515644 0.040966 0.764369 0.717780 0.926645 0.787787 0.783293 0.849541 
1.000000 
0.198327 0.094930 0.278323 0.254130 0.288538 0.191233 0.323687 0.191042 0.472887 0.444536 0.515986 0.535685 0.279424 0.516048 0.059331 0.432577 0.470830 0.977024 0.703277 0.741337 0.473145 0.671326 
1.000000 
0.786089 0.330133 0.127592 0.058450 0.051383 0.048651 0.051447 0.048483 0.144422 0.115037 0.177966 0.123202 0.091125 0.178007 0.045453 0.484638 0.723968 0.000000 0.453479 0.763056 0.630495 0.390040 
1.000000 
0.325169 0.504433 0.099531 0.119441 0.130435 0.068882 0.107181 0.068711 0.099781 0.087921 0.098998 0.085482 0.103760 0.099114 0.057103 0.564578 0.725207 0.280511 0.456512 0.525619 0.374227 0.359600 
1.000000 
0.000000 0.020607 0.107062 0.107052 0.209486 0.089595 0.127546 0.089742 0.108545 0.092030 0.120185 0.104749 0.089823 0.120234 0.035045 0.515200 0.827305 0.804260 0.490913 0.866077 0.437760 0.424998 
1.000000 
0.955464 0.325264 0.675383 0.005400 0.000000 0.011561 0.011254 0.011559 0.018076 0.014790 0.030624 0.021710 0.010797 0.030620 0.011682 0.746322 0.825508 0.242711 0.116702 0.438070 0.269288 0.086695 
0.000000 
0.168485 0.056689 0.258650 0.185515 0.209486 0.111272 0.202036 0.111414 0.122238 0.111750 0.141371 0.120624 0.094111 0.141482 0.019607 0.584248 0.639223 0.969993 0.606898 0.638762 0.266165 0.559050 
1.000000 
0.554147 0.234073 0.551913 0.412325 0.288538 0.376204 0.389603 0.375983 0.465218 0.437962 0.464176 0.479104 0.431886 0.464180 0.190725 0.240836 0.516714 0.775647 0.666861 0.786689 0.764759 0.603830 
1.000000 
0.236401 0.770695 0.131121 0.131194 0.169960 0.083333 0.118971 0.083320 0.096221 0.111750 0.075886 0.074220 0.077724 0.076005 0.072731 0.662521 0.539422 0.437631 0.321618 0.616045 0.561845 0.223452 
1.000000 
0.666418 0.264068 0.119498 0.064168 0.051383 0.058285 0.063773 0.058436 0.095216 0.078061 0.127504 0.082361 0.060265 0.127487 0.061909 0.416403 0.652227 0.232461 0.373590 0.466164 0.465979 0.299264 
1.000000 
0.867371 0.288974 0.942923 0.042884 0.011858 0.050578 0.035906 0.050570 0.026292 0.025472 0.046418 0.024016 0.012482 0.046540 0.014896 0.659920 0.299355 0.208872 0.171205 0.382789 0.190899 0.097478 
0.000000 
0.289989 0.194113 0.090032 0.119441 0.130435 0.108863 0.125938 0.109006 0.167701 0.132293 0.198190 0.167571 0.117926 0.198164 0.055034 0.395716 0.855472 0.653223 0.438375 0.182097 0.177061 0.351131 
1.000000 
0.455674 0.212015 0.072288 0.182338 0.130435 0.153661 0.193462 0.153636 0.519080 0.451109 0.615370 0.503664 0.336550 0.615291 0.275647 0.134236 0.925939 0.632985 0.624847 0.862093 0.842709 0.533136 
1.000000 
0.220123 0.106431 0.184618 0.256353 0.288538 0.252890 0.193998 0.252689 0.173270 0.148726 0.201271 0.137178 0.110116 0.201245 0.119776 0.532106 0.883019 0.211369 0.523398 0.616401 0.653514 0.424922 
1.000000 
0.347886 0.123864 0.010749 0.188691 0.169960 0.192197 0.140407 0.192005 0.408435 0.338537 0.558937 0.261058 0.223294 0.558865 0.075310 0.539584 0.538608 0.609671 0.308056 0.258165 0.317540 0.201768 
1.000000 
0.166005 0.235580 0.195902 0.115311 0.169960 0.092486 0.136120 0.092471 0.076776 0.064092 0.068374 0.077883 0.079409 0.068366 0.035459 0.554499 0.950280 0.327618 0.500116 0.451340 0.310127 0.430516 
0.000000 
0.144570 0.057411 0.202638 0.106099 0.130435 0.091040 0.117899 0.091186 0.394833 0.321282 0.470146 0.376798 0.261505 0.470214 0.115383 0.337560 0.860495 0.535186 0.598466 0.670464 0.555671 0.476045 
1.000000 
0.197954 0.082109 0.168791 0.177573 0.209486 0.167148 0.132369 0.167282 0.122238 0.113394 0.144453 0.097558 0.080557 0.144499 0.099500 0.589775 0.828569 0.197003 0.457405 0.504837 0.567808 0.364534 
1.000000 
0.660416 0.327754 0.073416 0.167090 0.090909 0.165703 0.162915 0.165516 0.147891 0.139688 0.192411 0.137313 0.079562 0.192515 0.139288 0.444079 0.587775 0.436161 0.186317 0.345811 0.397292 0.141456 
0.000000 
0.210232 0.067208 0.299486 0.083545 0.090909 0.035164 0.040193 0.034998 0.112288 0.092030 0.151387 0.061601 0.073972 0.151496 0.013178 0.678452 0.691967 0.803371 0.237665 0.558787 0.185470 0.122242 
0.000000 
0.699683 0.241220 0.768846 0.140089 0.090909 0.144509 0.132369 0.144646 0.073672 0.057518 0.095724 0.066214 0.045026 0.095712 0.024350 0.567585 0.190225 0.550521 0.270036 0.400937 0.480032 0.190235 
1.000000 
0.166913 0.086390 0.198320 0.058767 0.090909 0.052023 0.067524 0.052015 0.064177 0.049302 0.082049 0.066757 0.045869 0.082103 0.016711 0.691051 0.305455 0.725879 0.353000 0.502059 0.200038 0.245593 
0.000000 
0.709126 0.266514 0.689615 0.116264 0.090909 0.121869 0.100750 0.122010 0.066277 0.052588 0.078197 0.060651 0.044567 0.078251 0.017666 0.618955 0.430553 0.589516 0.361953 0.549299 0.474184 0.276015 
1.000000 
0.479840 0.710579 0.078045 0.122935 0.090909 0.084778 0.090568 0.084604 0.070385 0.073952 0.058166 0.054410 0.071445 0.058159 0.055289 0.701008 0.537047 0.405333 0.608783 0.823558 0.690700 0.493428 
1.000000 
0.163059 0.978074 0.165636 0.031449 0.051383 0.022640 0.030011 0.022636 0.031587 0.026294 0.033898 0.029715 0.032545 0.033894 0.019575 0.673901 0.634454 0.356972 0.290360 0.248441 0.324217 0.195368 
0.000000 
0.477581 0.340184 0.080987 0.128018 0.090909 0.078998 0.094855 0.078985 0.211703 0.161052 0.242296 0.189145 0.161192 0.242329 0.077028 0.410428 0.981287 0.441324 0.572802 0.881266 0.685321 0.481927 
1.000000 
0.381407 0.129812 0.001762 0.213469 0.169960 0.173410 0.191854 0.173543 0.260727 0.199671 0.233436 0.245997 0.255456 0.233406 0.121145 0.369625 0.941607 0.517139 0.699616 0.576945 0.585632 0.664526 
1.000000 
0.184821 0.076681 0.263291 0.075286 0.090909 0.053950 0.068596 0.053941 0.068651 0.055053 0.099961 0.048168 0.047936 0.099949 0.012000 0.703121 0.558550 0.751683 0.392910 0.726651 0.347768 0.297499 
1.000000 
0.142881 0.095290 0.238955 0.105464 0.130435 0.097303 0.105573 0.097287 0.277981 0.217749 0.377119 0.225373 0.152002 0.377070 0.026737 0.606722 0.543580 0.859322 0.395776 0.753896 0.260085 0.309383 
1.000000 
0.521290 0.185301 0.590331 0.077192 0.051383 0.079480 0.079850 0.079628 0.106993 0.085456 0.134630 0.105427 0.068382 0.134741 0.016583 0.600463 0.241677 0.814929 0.328213 0.476709 0.468798 0.251203 
1.000000 
0.283143 0.131586 0.003040 0.239835 0.249012 0.211464 0.198821 0.211270 0.196914 0.183237 0.227851 0.161330 0.144268 0.227885 0.082567 0.468910 0.563634 0.616659 0.477388 0.448846 0.386264 0.376341 
1.000000 
0.912005 0.347153 1.000000 0.089898 0.051383 0.101638 0.077706 0.101621 0.086087 0.078882 0.121148 0.074763 0.041044 0.121261 0.031321 0.531862 0.621217 0.288981 0.119416 0.371020 0.298928 0.107038 
0.000000 
0.213673 0.085328 0.291956 0.353240 0.367589 0.325145 0.284566 0.324932 0.267665 0.211175 0.323575 0.217639 0.181407 0.323662 0.257377 0.280297 0.870323 0.558564 0.713248 0.583138 0.555432 0.613229 
1.000000 
0.218068 0.078410 0.176920 0.384371 0.407115 0.365125 0.301715 0.365067 0.340971 0.276910 0.401965 0.279512 0.244199 0.401913 0.326511 0.284158 0.733677 0.464571 0.507293 0.440936 0.453018 0.447025 
1.000000 
0.222266 0.080858 0.197439 0.561626 0.565217 0.525530 0.481243 0.525285 0.527661 0.471652 0.607858 0.460380 0.387779 0.607844 0.530891 0.162318 0.891255 0.401070 0.760201 0.532591 0.538887 0.691642 
1.000000 
0.217195 0.079453 0.292871 1.000000 1.000000 1.000000 0.766345 1.000000 0.750776 0.662284 0.944337 0.572727 0.419404 0.944280 1.000000 0.017313 0.967679 0.328932 0.771014 0.572256 0.697450 0.676063 
1.000000 
0.233554 0.098603 0.058471 0.439327 0.446640 0.403179 0.437835 0.403275 0.476173 0.410025 0.533128 0.420896 0.341144 0.533124 0.374893 0.268999 0.894202 0.275073 0.680218 0.684097 0.540509 0.646901 
1.000000 
0.821251 0.306349 0.896289 0.011753 0.007905 0.022158 0.011254 0.022154 0.045919 0.036154 0.060478 0.052510 0.022743 0.060598 0.007480 0.730472 0.047319 0.395823 0.084745 0.113840 0.257909 0.060150 
0.000000 
0.360507 0.107095 0.056841 0.025413 0.051383 0.017823 0.023580 0.017820 0.016158 0.018077 0.012904 0.012076 0.022207 0.013031 0.013687 0.744453 0.094073 0.589922 0.196456 0.186829 0.258364 0.143743 
1.000000 
0.382309 0.118644 0.363542 0.004765 0.011858 0.003854 0.004287 0.004013 0.006938 0.007395 0.002696 0.001628 0.011639 0.002696 0.005666 0.811509 0.016529 0.466925 0.154297 0.311797 0.285688 0.100769 
1.000000 
0.357194 0.118850 0.392253 0.028272 0.051383 0.023121 0.022508 0.023278 0.035786 0.033689 0.039484 0.033650 0.026036 0.039479 0.016329 0.771357 0.254136 0.580432 0.174939 0.459244 0.254063 0.141539 
1.000000 
0.388567 0.125725 0.452934 0.000000 0.011858 0.000000 0.000000 0.000000 0.010042 0.009860 0.012904 0.008412 0.016004 0.013031 0.005347 0.865846 0.181065 0.412930 0.177869 0.401325 0.314359 0.128955 
1.000000 
0.369973 0.113537 0.393076 0.028590 0.051383 0.022640 0.016077 0.022797 0.045280 0.042728 0.034284 0.029579 0.041963 0.034279 0.018907 0.747460 0.319643 0.501837 0.246786 0.546798 0.478614 0.125856 
1.000000 
0.481499 0.216720 0.057716 0.091169 0.090909 0.087669 0.076099 0.087655 0.092386 0.082991 0.083590 0.081275 0.088292 0.083579 0.032785 0.709868 0.378113 0.584185 0.322077 0.495260 0.518898 0.213045 
1.000000 
0.609511 0.217918 0.085328 0.189962 0.130435 0.184008 0.159164 0.184139 0.190798 0.156122 0.253467 0.168928 0.104526 0.253434 0.028074 0.548362 0.562283 0.662363 0.383277 0.613222 0.527372 0.292297 
1.000000 
0.654245 0.248705 0.139383 0.143901 0.090909 0.145954 0.131297 0.145770 0.121599 0.100247 0.141949 0.117910 0.086760 0.141995 0.020339 0.601398 0.418857 0.611862 0.489367 0.563191 0.501664 0.389333 
1.000000 
0.539349 0.200006 0.518262 0.075604 0.051383 0.073218 0.081458 0.073045 0.264561 0.202136 0.318182 0.260923 0.165250 0.318205 0.086482 0.314354 0.762992 0.611400 0.417123 0.697019 0.745137 0.322856 
1.000000 
0.663280 0.223438 0.757672 0.003812 0.007905 0.012042 0.008039 0.011880 0.000000 0.000000 0.002696 0.004885 0.000000 0.002760 0.000223 0.985248 0.261246 0.668713 0.048681 0.387795 0.053972 0.024029 
0.000000 
0.432172 0.196375 0.069974 0.106099 0.090909 0.102119 0.086281 0.102264 0.076410 0.068200 0.065100 0.066079 0.082702 0.065220 0.035172 0.700520 0.399493 0.595663 0.240330 0.458314 0.237858 0.187858 
1.000000 
0.779539 0.263735 0.806125 0.031131 0.011858 0.040462 0.027867 0.040616 0.062899 0.049302 0.079353 0.072999 0.036833 0.079471 0.008753 0.707754 0.252687 0.478542 0.180559 0.201720 0.380538 0.121544 
0.000000 
0.369903 0.797630 0.020778 0.218551 0.209486 0.161850 0.157020 0.161663 0.081158 0.123254 0.065678 0.035550 0.042270 0.065798 0.190534 0.619849 0.352631 0.352127 0.595149 0.574660 0.569014 0.476087 
1.000000 
0.406853 0.694881 0.037261 0.097840 0.090909 0.070328 0.061629 0.070316 0.046011 0.051767 0.029083 0.024016 0.045409 0.029144 0.047395 0.728074 0.453189 0.316889 0.346007 0.601068 0.541629 0.260066 
1.000000 
