159.6 
155.0 
126.2 
164.1 
179.9 
157.3 
136.3 
135.4 
155.0 
164.7 
147.9 
174.4
114.0 
141.3 
135.5 
156.4 
127.5  
90.9 
143.8 
158.7 
167.3 
162.4 
137.5 
150.1
111.2 
163.6 
153.8 
122.0  
82.2 
110.4 
106.1 
107.6 
118.8  
94.7  
98.1 
127.0
84.3   
51   
66.5  
80.7  
99.2  
91.1  
82.2  
71.8  
50.3  
55.8  
33.3  
33.4
57.0  
85.4  
83.5  
69.7  
76.4  
46.1  
37.4  
25.5  
15.7  
12.0  
22.8  
18.7
16.5  
15.9  
17.2  
16.2  
27.5  
24.2  
30.7  
11.1   
3.9  
18.6  
16.2  
17.3
2.5  
23.2  
15.1  
18.5  
13.7   
1.1  
18.1   
7.4   
3.8  
35.4  
15.2   
6.8
10.4   
2.4  
14.7  
39.6  
33.0  
17.4  
33.0  
38.7  
33.9  
60.6  
39.9  
27.1
59.0  
40.0  
76.2  
88.0  
60.1 
101.8 
113.8 
111.6 
120.1 
125.1 
125.1 
179.2
161.3 
165.1 
131.4 
130.6 
138.5 
196.2 
126.9 
168.9 
176.7 
159.4 
173.0 
165.5
177.3 
130.5 
140.3 
140.3 
132.2 
105.4 
149.4 
200.3 
125.2 
145.5 
131.4 
129.7 
136.9 
167.5 
141.9 
140.0 
121.3 
169.7 
173.7 
176.3 
125.3 
144.1  
108.2 
144.4
150.0 
161.1 
106.7  
99.8  
73.8  
65.2  
85.7  
64.5  
63.9  
88.7  
91.8   
82.6
59.3  
91.0  
69.8  
62.2  
61.3  
49.8  
57.9  
42.2  
22.4  
56.4  
35.6  
48.9
57.8 
35.5  
31.7  
16.1  
17.8  
28.0  
35.1  
22.5  
25.7  
44.0  
18.0  
26.2
24.2  
29.9  
31.1  
14.0  
14.5  
15.6  
14.5  
14.3  
11.8  
21.1   
9.0  
10.0
11.5   
4.4   
9.2   
4.8   
5.5  
11.8   
8.8  
14.4   
1.6   
0.9  
17.9  
13.3
5.7   
7.6   
8.7  
15.5  
18.5  
12.7  
10.4  
24.4  
51.3  
22.8  
39.0  
41.2
31.9  
40.3  
54.8  
53.4  
56.3  
70.7  
66.6  
92.2   
92.9  
55.5  
74.0  
81.9
62.0  
66.3  
68.8  
63.7 
106.4 
137.7 
113.5  
93.7  
71.5 
116.7  
133.2  
84.6
90.1  
112.9 
138.5 
125.5 
121.6 
124.9 
170.1 
130.5 
109.7  
99.4 
106.8 
104.4
95.6  
80.6 
113.5 
107.7  
96.6 
134.0  
81.8 
106.4 
150.7 
125.5 
106.5 
132.2
114.1 
107.4  
98.4 
120.7 
120.8  
88.3  
99.6 
116.4 
109.6  
97.5  
95.5  
80.8
79.7  
46.0  
61.1   
60.0  
54.6  
77.4  
83.3  
72.7  
48.7  
65.5  
67.3  
46.5
37.3  
45.8  
49.1  
39.3  
41.5  
43.2  
51.1  
40.9   
27.7  
48.0  
43.5  
17.9
31.3  
29.2  
24.5  
24.2  
42.7  
39.3  
40.1  
36.4  
21.9   
8.7  
18.0  
41.1
15.3   
4.9  
10.6  
30.2  
22.3  
13.9  
12.2  
12.9  
14.4  
10.4  
21.5  
13.6






